(85.3268521, 27.7376574)
(85.3537421, 27.7119165)
(85.4720462, 27.6638203)
(85.2959123, 27.7157706)
(85.3238117, 27.7201228)
(85.3324199, 27.6967502)
(85.352958, 27.7232291)
(85.2705465, 27.6840914)
(85.329515, 27.7222278)
(85.2795656, 27.7176148)
(85.3182747, 27.6647504)
(85.327951, 27.7225942)
(85.3335045, 27.6980968)
(85.4031578, 27.6569397)
(85.3221977, 27.6509218)
(85.2802615, 27.6910255)
(85.263816, 27.6859024)
(85.3568287, 27.7221447)
(85.3489169, 27.7233423)
(85.4296324, 27.6768269)
(85.3319622, 27.6418779)
(85.3386565, 27.6845984)
(85.3037925, 27.7512628)
(85.3256208, 27.6439243)
(85.2927436, 27.7294712)
(85.3775353, 27.6538042)
(85.3369615, 27.7119493)
(85.4365407, 27.6777359)
(85.3695309, 27.6911903)
(85.2970742, 27.7051616)
(85.3086308, 27.736216)
(85.3131245, 27.739787)
(85.3339314, 27.7048566)
(85.3127856, 27.6626281)
(85.4031473, 27.6592478)
(85.3650494, 27.6826993)
(85.3600985, 27.7700453)
(85.3388005, 27.6475511)
(85.3769026, 27.6876883)
(85.4051576, 27.6971222)
(85.3315101, 27.686449)
(85.2676809, 27.6496931)
(85.3605909, 27.7239836)
(85.2880984, 27.7332908)
(85.2710534, 27.7015738)
(85.4241675, 27.6582249)
(85.2736508, 27.6689617)
(85.3234853, 27.7525044)
(85.4387996, 27.7688639)
(85.2948903, 27.6918767)
(85.4000905, 27.6516345)
(85.3494275, 27.6747328)
(85.3382854, 27.6704421)
(85.3867237, 27.7095986)
(85.3542565, 27.6727887)
(85.320201, 27.6721861)
(85.2959214, 27.6528676)
(85.322973, 27.7448543)
(85.3010325, 27.6494977)
(85.3216198, 27.653926)
(85.35424, 27.7531038)
(85.3244644, 27.6947016)
(85.3253162, 27.6860522)
(85.3368053, 27.7101219)
(85.2960491, 27.7279972)
(85.3726704, 27.706169)
(85.4669041, 27.7167511)
(85.4662593, 27.67471)
(85.3733557, 27.642879)
(85.4634307, 27.6391392)
(85.3151788, 27.7438548)
(85.4733676, 27.7174771)
(85.3391031, 27.7350656)
(85.3658491, 27.6973464)
(85.3394288, 27.7339624)
(85.3224107, 27.7246863)
(85.3405273, 27.6815353)
(85.3475229, 27.724344)
(85.3170326, 27.765918)
(85.4588553, 27.643873)
(85.3086313, 27.7454145)
(85.307273, 27.6494212)
(85.3451557, 27.6497521)
(85.3069496, 27.6482211)
(85.3461238, 27.6434964)
(85.3400621, 27.7431645)
(85.4671708, 27.7682965)
(85.2968021, 27.7335127)
(85.3717004, 27.7215083)
(85.3379083, 27.7082735)
(85.3051146, 27.7192935)
(85.4613971, 27.649564)
(85.3432472, 27.6547366)
(85.4036862, 27.7126117)
(85.4001603, 27.6771278)
(85.3853975, 27.7030092)
(85.4095855, 27.7436932)
(85.3074333, 27.7155887)
(85.4636257, 27.6411018)
(85.3686207, 27.7648676)
(85.2963495, 27.723984)
(85.3546903, 27.6726713)
(85.3074476, 27.6683175)
(85.3487016, 27.7336393)
(85.260807, 27.7307709)
(85.3670213, 27.6931034)
(85.360606, 27.746916)
(85.2886894, 27.6965015)
(85.2705775, 27.6902302)
(85.3581141, 27.7131778)
(85.335043, 27.6816936)
(85.3827034, 27.7064653)
(85.3172525, 27.6678125)
(85.3423506, 27.6848957)
(85.3040828, 27.6910569)
(85.4020773, 27.6830707)
(85.3616643, 27.7664166)
(85.374148, 27.7336998)
(85.3503398, 27.7293885)
(85.3263983, 27.6898207)
(85.3611693, 27.6962598)
(85.3334837, 27.7326506)
(85.3270595, 27.7296512)
(85.350702, 27.7062489)
(85.4161553, 27.7520977)
(85.3237104, 27.6405268)
(85.323598, 27.7210128)
(85.4557022, 27.7356154)
(85.2954892, 27.7270753)
(85.3550357, 27.7317109)
(85.3932552, 27.7191986)
(85.3405269, 27.6978324)
(85.30476, 27.6844809)
(85.3066827, 27.6751172)
(85.2780929, 27.7273331)
(85.3373618, 27.7005751)
(85.3051287, 27.6481694)
(85.2805369, 27.6748117)
(85.3277895, 27.7281112)
(85.3748325, 27.7196008)
(85.3453683, 27.6812985)
(85.3867672, 27.6389768)
(85.3652232, 27.7512659)
(85.3170878, 27.7288309)
(85.3276534, 27.7449356)
(85.3745665, 27.7321488)
(85.3067463, 27.7066368)
(85.2884246, 27.7384178)
(85.4655682, 27.7538134)
(85.3506199, 27.7701664)
(85.3392264, 27.6522883)
(85.3409179, 27.688204)
(85.3382068, 27.71777)
(85.3333758, 27.6619003)
(85.3219038, 27.7453839)
(85.3098249, 27.6995692)
(85.2851634, 27.7066386)
(85.3300537, 27.7142564)
(85.4122231, 27.6620667)
(85.2873143, 27.7393352)
(85.3255471, 27.6762784)
(85.3033516, 27.7614758)
(85.3568367, 27.7618925)
(85.364727, 27.7143193)
(85.2982754, 27.7429778)
(85.4534709, 27.7095808)
(85.2780356, 27.7139958)
(85.3475667, 27.6653267)
(85.3424765, 27.6858043)
(85.3852579, 27.7225547)
(85.2834865, 27.736202)
(85.3833837, 27.6839217)
(85.3104349, 27.6926092)
(85.3703877, 27.7267036)
(85.3253754, 27.7257767)
(85.3287166, 27.6994094)
(85.2896532, 27.712979)
(85.288687, 27.7308395)
(85.3659863, 27.750992)
(85.360588, 27.6673341)
(85.3375803, 27.7258504)
(85.4560272, 27.6888149)
(85.3580107, 27.7640749)
(85.2641533, 27.6974266)
(85.3849847, 27.6629772)
(85.2970826, 27.7535335)
(85.355383, 27.6642695)
(85.3277516, 27.7501462)
(85.3299089, 27.6904984)
(85.3888459, 27.6921451)
(85.3358296, 27.6903656)
(85.3158454, 27.7647368)
(85.3364226, 27.7100942)
(85.4760852, 27.6740421)
(85.3013386, 27.714492)
(85.4020804, 27.6568839)
(85.3481514, 27.6727564)
(85.3313675, 27.7426261)
(85.3576583, 27.7151654)
(85.3517901, 27.7005656)
(85.415556, 27.6685496)
(85.4516246, 27.6946165)
(85.300254, 27.6672915)
(85.4577113, 27.6640366)
(85.3661161, 27.7048138)
(85.3533545, 27.7234758)
(85.3771446, 27.6821459)
(85.2765571, 27.6964666)
(85.3560828, 27.6806326)
(85.2984476, 27.7514437)
(85.3277509, 27.729579)
(85.2873261, 27.6924794)
(85.3498304, 27.6683975)
(85.3571048, 27.7328245)
(85.3848419, 27.7069032)
(85.3920709, 27.6543513)
(85.44769, 27.7574875)
(85.2801543, 27.6758422)
(85.3174015, 27.6899719)
(85.379745, 27.7365055)
(85.3619446, 27.7618383)
(85.3578016, 27.7389251)
(85.2696671, 27.7011779)
(85.3134609, 27.7001447)
(85.3357696, 27.6704264)
(85.3048686, 27.6561445)
(85.2783901, 27.6933556)
(85.4212466, 27.6686205)
(85.4049766, 27.7254183)
(85.3313815, 27.6980758)
(85.3867635, 27.7431728)
(85.4163381, 27.7097575)
(85.2933722, 27.7251658)
(85.3339547, 27.7267855)
(85.3261414, 27.6892588)
(85.3920611, 27.6750819)
(85.3249344, 27.6423043)
(85.3516211, 27.699871)
(85.3496732, 27.7554447)
(85.3660237, 27.6667678)
(85.4135497, 27.6460347)
(85.3651911, 27.7260737)
(85.3395659, 27.7336382)
(85.3081771, 27.686524)
(85.3627485, 27.7612236)
(85.3893624, 27.6849421)
(85.3720079, 27.6869331)
(85.2713606, 27.726617)
(85.2962396, 27.689169)
(85.3162995, 27.6803538)
(85.2713999, 27.6692543)
(85.2884461, 27.7394574)
(85.3398394, 27.7393387)
(85.2648199, 27.6702231)
(85.3354079, 27.7341702)
(85.3078713, 27.6974296)
(85.3897986, 27.6376207)
(85.3638559, 27.6757025)
(85.4757659, 27.6684487)
(85.3379954, 27.7034193)
(85.3326235, 27.6633699)
(85.3304587, 27.7652929)
(85.4261746, 27.6722225)
(85.3156847, 27.6922462)
(85.348919, 27.6394856)
(85.3203432, 27.6716267)
(85.3406486, 27.7383256)
(85.2614359, 27.7193309)
(85.3372087, 27.6445389)
(85.3245027, 27.6411492)
(85.2841197, 27.6695265)
(85.3552345, 27.7274786)
(85.4122257, 27.6886804)
(85.2850054, 27.7268337)
(85.3296549, 27.7592361)
(85.3375022, 27.7340273)
(85.3858526, 27.6450807)
(85.2711878, 27.6856103)
(85.2841695, 27.7265531)
(85.4705125, 27.7178761)
(85.3319582, 27.6549476)
(85.3391643, 27.7397754)
(85.4564994, 27.7384154)
(85.3353968, 27.7524059)
(85.3344592, 27.7403322)
(85.4122868, 27.6575521)
(85.4228001, 27.6622845)
(85.3428502, 27.6671814)
(85.3556109, 27.675251)
(85.4521013, 27.7311616)
(85.2894922, 27.7208822)
(85.3368476, 27.7270361)
(85.3031678, 27.7199181)
(85.331849, 27.6429791)
(85.3280287, 27.710239)
(85.3847949, 27.7192717)
(85.4379232, 27.6761925)
(85.4024842, 27.7216933)
(85.3763876, 27.7211136)
(85.3056248, 27.713425)
(85.4038689, 27.6744308)
(85.4072764, 27.754838)
(85.3027198, 27.6525981)
(85.2963177, 27.6850264)
(85.3000152, 27.6669393)
(85.3873833, 27.6375282)
(85.3465423, 27.7037269)
(85.3082104, 27.7067422)
(85.3148052, 27.6891948)
(85.4512481, 27.6948011)
(85.2707131, 27.671787)
(85.2780922, 27.6470501)
(85.3415271, 27.6805986)
(85.3156596, 27.6733375)
(85.4468197, 27.763336)
(85.352172, 27.7548984)
(85.337394, 27.6827876)
(85.2959579, 27.7210743)
(85.3641497, 27.6601769)
(85.3481958, 27.6744428)
(85.348751, 27.6769956)
(85.2804232, 27.6853277)
(85.3877905, 27.7616987)
(85.3633952, 27.6929819)
(85.2901281, 27.6633414)
(85.31188, 27.717383)
(85.3124248, 27.6827384)
(85.3726519, 27.6825568)
(85.3088572, 27.7090683)
(85.2948085, 27.6583423)
(85.2864947, 27.6980614)
(85.2840269, 27.7531075)
(85.3485225, 27.7274456)
(85.3225769, 27.7201754)
(85.3235575, 27.6745125)
(85.3817943, 27.7377869)
(85.2978956, 27.6454722)
(85.3484807, 27.6885099)
(85.3564843, 27.6983076)
(85.3066827, 27.6751172)
(85.413237, 27.6900133)
(85.3284398, 27.6898932)
(85.3485541, 27.6735934)
(85.3017188, 27.716022)
(85.2767889, 27.6928889)
(85.3218925, 27.6723632)
(85.4068282, 27.6723005)
(85.4314976, 27.737886)
(85.3082423, 27.7650969)
(85.3682527, 27.6543962)
(85.4448532, 27.7380943)
(85.2755017, 27.6800477)
(85.3429114, 27.7207784)
(85.3187017, 27.7390834)
(85.3057882, 27.7021686)
(85.2820702, 27.6792301)
(85.3163218, 27.662596)
(85.3101053, 27.7181267)
(85.3060855, 27.7484166)
(85.3476762, 27.7016657)
(85.3468941, 27.7311443)
(85.3716166, 27.721504)
(85.337394, 27.6827876)
(85.3245823, 27.6804961)
(85.3556026, 27.7211252)
(85.3272513, 27.7126616)
(85.2945309, 27.6973275)
(85.3082245, 27.67797)
(85.392272, 27.6785271)
(85.3442704, 27.6507148)
(85.3266448, 27.7031587)
(85.3309492, 27.7222121)
(85.3088754, 27.6823139)
(85.3072413, 27.7178377)
(85.2940624, 27.6968181)
(85.4239707, 27.6929156)
(85.4127949, 27.7303125)
(85.3640789, 27.7198929)
(85.345986, 27.7047614)
(85.3955558, 27.7117506)
(85.3243219, 27.6707347)
(85.3448077, 27.7378795)
(85.3724011, 27.6610812)
(85.3189206, 27.7692048)
(85.276933, 27.7070384)
(85.412638, 27.6693213)
(85.4370503, 27.7317768)
(85.2821715, 27.6717064)
(85.3750905, 27.6743211)
(85.305884, 27.7192621)
(85.3359091, 27.6465824)
(85.304915, 27.6922712)
(85.2813375, 27.6765616)
(85.4160218, 27.7317712)
(85.4231329, 27.6741443)
(85.2769605, 27.6463719)
(85.2864785, 27.7283266)
(85.4631151, 27.6442136)
(85.3089877, 27.6996794)
(85.3143337, 27.743872)
(85.4669041, 27.7167511)
(85.3412704, 27.7172483)
(85.339892, 27.6630109)
(85.3553652, 27.6643543)
(85.3482353, 27.6695739)
(85.3762994, 27.7185701)
(85.4230838, 27.742877)
(85.3644923, 27.6746406)
(85.3013604, 27.7175735)
(85.3863407, 27.7193228)
(85.443524, 27.7512082)
(85.3742271, 27.6719595)
(85.3776624, 27.6975928)
(85.380526, 27.6517158)
(85.3307882, 27.7556281)
(85.4029927, 27.659081)
(85.3313442, 27.7033557)
(85.3595559, 27.7324833)
(85.3287384, 27.7220682)
(85.3283956, 27.6956185)
(85.3403522, 27.6871603)
(85.3372517, 27.7260698)
(85.2996606, 27.6501681)
(85.4289352, 27.687262)
(85.2777568, 27.6747945)
(85.2828889, 27.7665906)
(85.4589992, 27.6871744)
(85.327678, 27.6873229)
(85.3453683, 27.6812985)
(85.4376622, 27.6664479)
(85.3406611, 27.6930868)
(85.4092786, 27.6751306)
(85.4596025, 27.6916874)
(85.3482314, 27.6707198)
(85.288157, 27.6941468)
(85.2840481, 27.7332178)
(85.3441054, 27.704193)
(85.3424943, 27.6723492)
(85.3487566, 27.7475417)
(85.3540651, 27.730419)
(85.4622394, 27.7280017)
(85.2720056, 27.7244894)
(85.3919852, 27.6842822)
(85.3196519, 27.7286808)
(85.3451499, 27.6531808)
(85.3240327, 27.713424)
(85.3377847, 27.7029757)
(85.3522129, 27.7677142)
(85.2927043, 27.709061)
(85.3212455, 27.6894305)
(85.3121245, 27.7181373)
(85.3136648, 27.7131663)
(85.335748, 27.6881616)
(85.3730016, 27.6729999)
(85.4272362, 27.665499)
(85.3454514, 27.6493393)
(85.3363805, 27.6575442)
(85.3352255, 27.701471)
(85.4202145, 27.7390474)
(85.3014644, 27.7161249)
(85.3782998, 27.637479)
(85.3140611, 27.6965441)
(85.3835333, 27.6714698)
(85.3493242, 27.7462195)
(85.3028955, 27.701379)
(85.4657979, 27.6463495)
(85.3606357, 27.7179198)
(85.3110913, 27.7145263)
(85.3327394, 27.68425)
(85.3128098, 27.7301795)
(85.3378515, 27.7122458)
(85.372202, 27.6602661)
(85.4520283, 27.6583836)
(85.3443192, 27.6815682)
(85.452318, 27.7227403)
(85.3128719, 27.7696237)
(85.2950791, 27.7372845)
(85.2995698, 27.7555407)
(85.3466629, 27.7292093)
(85.2864694, 27.7194272)
(85.342153, 27.6844507)
(85.3360599, 27.7405536)
(85.2939788, 27.7368096)
(85.3658491, 27.6973464)
(85.4404061, 27.7049454)
(85.357774, 27.7390002)
(85.3856475, 27.6610637)
(85.3522129, 27.7677142)
(85.3404515, 27.7525885)
(85.286562, 27.7124249)
(85.2735506, 27.7030782)
(85.4003749, 27.6775456)
(85.3299186, 27.7493804)
(85.2829322, 27.6983626)
(85.3279204, 27.6757581)
(85.3282805, 27.6471008)
(85.4039106, 27.7248802)
(85.3296251, 27.722414)
(85.3431484, 27.7114639)
(85.3377549, 27.6422351)
(85.3434513, 27.6765856)
(85.4646083, 27.6497682)
(85.434554, 27.6736445)
(85.2951489, 27.7124611)
(85.3226952, 27.7102979)
(85.4625587, 27.7547033)
(85.3305266, 27.6975725)
(85.3211165, 27.7227812)
(85.3403602, 27.6777533)
(85.3877997, 27.7327407)
(85.2882085, 27.7555106)
(85.3119116, 27.7292401)
(85.3861923, 27.7210986)
(85.3855141, 27.6990562)
(85.4441287, 27.665048)
(85.3903154, 27.7189907)
(85.4303446, 27.6660597)
(85.3305413, 27.6664566)
(85.3372574, 27.71851)
(85.441508, 27.6738203)
(85.3496732, 27.7554447)
(85.2974087, 27.7180261)
(85.2857579, 27.7156303)
(85.3263729, 27.7450972)
(85.304703, 27.7099012)
(85.2814203, 27.6776114)
(85.3239391, 27.6752891)
(85.3651405, 27.7272314)
(85.349563, 27.6507099)
(85.3329031, 27.7230946)
(85.3397972, 27.7263233)
(85.3704236, 27.7292596)
(85.3158757, 27.6741365)
(85.3185545, 27.7642519)
(85.3048691, 27.7074447)
(85.3876055, 27.6843272)
(85.3245044, 27.6752966)
(85.3833353, 27.7293717)
(85.3234465, 27.6670804)
(85.3275559, 27.6933575)
(85.2825233, 27.7074529)
(85.3897986, 27.6376207)
(85.4052014, 27.7328097)
(85.3398201, 27.7310025)
(85.3393528, 27.6771099)
(85.3473384, 27.6699892)
(85.310487, 27.7349995)
(85.2910887, 27.6634844)
(85.3348597, 27.7172077)
(85.3269897, 27.6676857)
(85.3446208, 27.7198233)
(85.3553331, 27.7359962)
(85.4232556, 27.675495)
(85.3001196, 27.6560812)
(85.3112734, 27.7145745)
(85.3084491, 27.7073685)
(85.3475712, 27.7176182)
(85.4409335, 27.6777541)
(85.3717895, 27.7007707)
(85.3161989, 27.7062393)
(85.3512151, 27.7537923)
(85.3014644, 27.7161249)
(85.3393334, 27.6873898)
(85.3445892, 27.7351871)
(85.3266797, 27.7517217)
(85.3541929, 27.7353438)
(85.3235635, 27.686155)
(85.3163668, 27.7036415)
(85.3930165, 27.6828224)
(85.3033038, 27.682442)
(85.3997731, 27.7012859)
(85.3615087, 27.761504)
(85.4513899, 27.6608886)
(85.3048733, 27.7051582)
(85.419467, 27.7039747)
(85.2608405, 27.7155587)
(85.3788682, 27.7011736)
(85.2776517, 27.7166735)
(85.3705575, 27.6855213)
(85.414758, 27.7478203)
(85.3935039, 27.6786421)
(85.3025409, 27.7365726)
(85.3169269, 27.6589651)
(85.3253943, 27.6860015)
(85.3771039, 27.6883016)
(85.2870254, 27.7337732)
(85.2967434, 27.7593465)
(85.4718682, 27.6911141)
(85.3387347, 27.7263362)
(85.331227, 27.7059136)
(85.278856, 27.6771536)
(85.4198658, 27.7080382)
(85.3302817, 27.6401876)
(85.3721622, 27.661525)
(85.2916512, 27.7272187)
(85.3592368, 27.6833261)
(85.339382, 27.6773719)
(85.2902554, 27.7149764)
(85.3450155, 27.7350154)
(85.3834382, 27.679557)
(85.2753397, 27.6789938)
(85.3638934, 27.677411)
(85.4236872, 27.6748363)
(85.2807381, 27.6752941)
(85.324622, 27.7207322)
(85.3550115, 27.6478577)
(85.2964694, 27.7092176)
(85.4627084, 27.7333256)
(85.3411625, 27.6699591)
(85.3094749, 27.7454202)
(85.2863683, 27.6654021)
(85.3380025, 27.7325194)
(85.267483, 27.6890073)
(85.3164229, 27.664951)
(85.285076, 27.7148121)
(85.3296451, 27.7102633)
(85.360025, 27.7193709)
(85.4353334, 27.7047043)
(85.3131283, 27.6654021)
(85.3527322, 27.7645055)
(85.3024895, 27.6823875)
(85.3692298, 27.6777383)
(85.3125476, 27.7258999)
(85.3360934, 27.7405384)
(85.3222004, 27.7376192)
(85.3039646, 27.6466951)
(85.2755344, 27.7561239)
(85.3354522, 27.6390394)
(85.3179428, 27.7139162)
(85.3772559, 27.6456717)
(85.3732313, 27.7105558)
(85.2819477, 27.7026834)
(85.3480209, 27.7327785)
(85.4686189, 27.6833042)
(85.3668968, 27.7134808)
(85.3659374, 27.7302426)
(85.3479183, 27.6490659)
(85.3172956, 27.7100905)
(85.4005618, 27.672895)
(85.264809, 27.6757256)
(85.3381871, 27.7233086)
(85.361629, 27.7192725)
(85.3954224, 27.6886811)
(85.3374541, 27.6798153)
(85.3676255, 27.7118192)
(85.2794812, 27.7087046)
(85.3413926, 27.7339914)
(85.317682, 27.6910783)
(85.3115684, 27.6938501)
(85.4478866, 27.6707213)
(85.2717617, 27.7207489)
(85.3021436, 27.7206251)
(85.4090939, 27.6689985)
(85.4644035, 27.6885325)
(85.3449544, 27.6827872)
(85.2742893, 27.6969149)
(85.4118387, 27.6776423)
(85.4278312, 27.7478465)
(85.3201838, 27.7433848)
(85.3049585, 27.7195288)
(85.317773, 27.7615538)
(85.2766022, 27.6964751)
(85.3839058, 27.7210691)
(85.2914928, 27.7234334)
(85.3733224, 27.7616192)
(85.370004, 27.6748124)
(85.2758394, 27.7227388)
(85.3210532, 27.7510168)
(85.2721606, 27.7231189)
(85.3760455, 27.655549)
(85.3019526, 27.7569793)
(85.2958099, 27.7331529)
(85.3784124, 27.7284331)
(85.4774764, 27.6427412)
(85.3212403, 27.6917244)
(85.3320347, 27.6827066)
(85.354149, 27.6667236)
(85.4511421, 27.6936122)
(85.3540651, 27.730419)
(85.31619, 27.6810442)
(85.4678156, 27.6699129)
(85.3720597, 27.6837685)
(85.3249576, 27.6689028)
(85.3314107, 27.6627827)
(85.3064187, 27.7021414)
(85.3197918, 27.6444457)
(85.3429291, 27.6823703)
(85.3877989, 27.679014)
(85.3142441, 27.6630918)
(85.4140877, 27.664493)
(85.4105399, 27.6799779)
(85.4381748, 27.7412124)
(85.2799673, 27.6683933)
(85.3029316, 27.725093)
(85.3430544, 27.6944232)
(85.2742893, 27.6969149)
(85.3187165, 27.6374877)
(85.3361336, 27.6429775)
(85.3188679, 27.6506948)
(85.3097036, 27.7153708)
(85.2782252, 27.7558354)
(85.3594013, 27.7350254)
(85.3925653, 27.7049624)
(85.3593795, 27.7182233)
(85.4061839, 27.7158139)
(85.3422853, 27.6844412)
(85.3471721, 27.665697)
(85.3042388, 27.6525716)
(85.3532465, 27.7241213)
(85.3187833, 27.7526181)
(85.3670955, 27.6497731)
(85.2778487, 27.6390474)
(85.4002065, 27.6720014)
(85.3514583, 27.7548984)
(85.3364698, 27.6668406)
(85.4124177, 27.6516343)
(85.3073668, 27.7311754)
(85.3446681, 27.7372346)
(85.4412487, 27.6761331)
(85.3041666, 27.6984035)
(85.3847602, 27.6615382)
(85.4705645, 27.7183848)
(85.3495146, 27.6789348)
(85.3063736, 27.7616236)
(85.4654032, 27.657828)
(85.3161714, 27.6775768)
(85.3548002, 27.7124111)
(85.34151, 27.7250042)
(85.2684383, 27.6967309)
(85.4441246, 27.6576983)
(85.3197854, 27.7261688)
(85.3522577, 27.6703382)
(85.3349609, 27.7397157)
(85.3611968, 27.7621576)
(85.4480069, 27.7411354)
(85.2905839, 27.7149074)
(85.2771679, 27.7203383)
(85.3097107, 27.6678789)
(85.346972, 27.7132577)
(85.3450155, 27.7350154)
(85.3895757, 27.6917085)
(85.3444803, 27.650219)
(85.3675722, 27.7288519)
(85.2989824, 27.6541996)
(85.3089952, 27.7056627)
(85.3325647, 27.642961)
(85.3084436, 27.6423408)
(85.2648499, 27.7174447)
(85.3475583, 27.653838)
(85.2837951, 27.736037)
(85.3293234, 27.7277347)
(85.3875715, 27.6794064)
(85.3688101, 27.6488581)
(85.3239718, 27.7390525)
(85.2780271, 27.6467454)
(85.2741655, 27.6805505)
(85.3702935, 27.6962743)
(85.2882291, 27.6756066)
(85.3644461, 27.6743068)
(85.3174721, 27.6784187)
(85.3366313, 27.6990299)
(85.3058034, 27.6479951)
(85.3697239, 27.6772328)
(85.3396902, 27.671316)
(85.3857116, 27.7318088)
(85.2799538, 27.6738594)
(85.4379232, 27.6761925)
(85.314309, 27.6938871)
(85.2873143, 27.7393352)
(85.2930194, 27.7393901)
(85.3387353, 27.7354181)
(85.3408474, 27.6798888)
(85.3029163, 27.7474604)
(85.3304888, 27.6695692)
(85.2689354, 27.7193181)
(85.3081391, 27.7294835)
(85.3474564, 27.6756962)
(85.3746583, 27.70205)
(85.3211438, 27.6755274)
(85.3361658, 27.6821911)
(85.3868594, 27.6555382)
(85.3462289, 27.7373253)
(85.3737343, 27.6780033)
(85.3159576, 27.6804689)
(85.3838257, 27.6844653)
(85.3606105, 27.6525344)
(85.336824, 27.6777526)
(85.4217401, 27.6660276)
(85.4167019, 27.7517411)
(85.302363, 27.7440022)
(85.397121, 27.7012301)
(85.3264544, 27.6878634)
(85.2721002, 27.7176939)
(85.397667, 27.6853469)
(85.2633034, 27.6712043)
(85.3384109, 27.684411)
(85.3263499, 27.7360432)
(85.3541455, 27.7280666)
(85.2684299, 27.6975495)
(85.3502096, 27.706233)
(85.4006044, 27.7012983)
(85.2894223, 27.7183533)
(85.3307129, 27.7270613)
(85.3235026, 27.7216448)
(85.2697839, 27.7154484)
(85.3462289, 27.7373253)
(85.3148187, 27.7297271)
(85.2764235, 27.6780585)
(85.3199481, 27.7451045)
(85.2950259, 27.7391363)
(85.3885408, 27.7144807)
(85.2715975, 27.7029476)
(85.2788524, 27.7281168)
(85.3403852, 27.7354335)
(85.3470406, 27.6493773)
(85.4086704, 27.6657461)
(85.2869145, 27.6536966)
(85.4399867, 27.6644263)
(85.4043041, 27.6956488)
(85.3361994, 27.6868403)
(85.3086992, 27.7171667)
(85.2911822, 27.7366358)
(85.3257462, 27.6748958)
(85.3851518, 27.676918)
(85.3070611, 27.7090482)
(85.3238112, 27.6981175)
(85.3295092, 27.7668655)
(85.3905777, 27.6920169)
(85.4320867, 27.7297851)
(85.3088266, 27.6486924)
(85.3022964, 27.6528478)
(85.2991474, 27.7321033)
(85.3864297, 27.7317012)
(85.3070901, 27.7068908)
(85.3510821, 27.67548)
(85.3315969, 27.6735735)
(85.2756529, 27.7056154)
(85.4288598, 27.6705432)
(85.38392, 27.6670135)
(85.4453355, 27.7342685)
(85.4396683, 27.6755517)
(85.3607918, 27.7633634)
(85.2986202, 27.7342478)
(85.4353231, 27.6754395)
(85.2951857, 27.6888738)
(85.3834555, 27.6876848)
(85.3726988, 27.6434132)
(85.3293001, 27.6890934)
(85.4250619, 27.6717426)
(85.3480147, 27.7320784)
(85.3877416, 27.7700672)
(85.2946615, 27.745538)
(85.4770239, 27.6448082)
(85.4008359, 27.7263765)
(85.2947168, 27.7276821)
(85.3049165, 27.6376646)
(85.275712, 27.6717618)
(85.3199258, 27.6852364)
(85.3415819, 27.6934981)
(85.3823244, 27.6519988)
(85.3583865, 27.6482008)
(85.3437498, 27.7388816)
(85.358947, 27.6668721)
(85.3256925, 27.6878622)
(85.3734148, 27.7064487)
(85.4071838, 27.7239737)
(85.379816, 27.721004)
(85.3302438, 27.7201001)
(85.3462289, 27.7373253)
(85.3618936, 27.6724687)
(85.3349634, 27.6838997)
(85.3006321, 27.6717587)
(85.3316101, 27.7661515)
(85.2925268, 27.7086738)
(85.4215042, 27.6882718)
(85.3566591, 27.7489824)
(85.3080233, 27.7240652)
(85.4030277, 27.6805219)
(85.287541, 27.6695431)
(85.2838354, 27.6723477)
(85.3728881, 27.6950918)
(85.3952214, 27.700269)
(85.3285591, 27.6869865)
(85.337778, 27.6772741)
(85.3523563, 27.7400886)
(85.3017021, 27.6411503)
(85.3154379, 27.6736117)
(85.3490956, 27.7316266)
(85.4615403, 27.6423405)
(85.3633528, 27.6692309)
(85.4045725, 27.6456624)
(85.3101796, 27.7310552)
(85.3539661, 27.7379602)
(85.3172064, 27.7338498)
(85.3050786, 27.6832111)
(85.3023082, 27.7095219)
(85.32941, 27.645978)
(85.4304496, 27.6595856)
(85.3352256, 27.7145534)
(85.3167273, 27.6852983)
(85.2739439, 27.6905389)
(85.4491501, 27.6586602)
(85.4139363, 27.7330877)
(85.3317946, 27.6999573)
(85.2967067, 27.731977)
(85.3728142, 27.6656274)
(85.3965018, 27.7335908)
(85.3472146, 27.666308)
(85.376109, 27.679526)
(85.3470688, 27.6849021)
(85.3722347, 27.6425616)
(85.3817989, 27.6896701)
(85.2761648, 27.6698177)
(85.3081771, 27.686524)
(85.2973232, 27.7264983)
(85.283022, 27.6984663)
(85.3620939, 27.6555542)
(85.3009827, 27.6434502)
(85.3678849, 27.6771216)
(85.2785584, 27.7103185)
(85.3427775, 27.6902505)
(85.3060167, 27.6513349)
(85.3593318, 27.7604223)
(85.3084282, 27.7586322)
(85.3690846, 27.67433)
(85.3769026, 27.6876883)
(85.3010324, 27.7154397)
(85.3924671, 27.6767743)
(85.2633034, 27.6712043)
(85.3091098, 27.6588778)
(85.3968635, 27.7021313)
(85.3894987, 27.6621822)
(85.3328443, 27.7238569)
(85.2966507, 27.7084164)
(85.3498549, 27.7129558)
(85.2907605, 27.7335003)
(85.3464391, 27.7048645)
(85.3865655, 27.7420874)
(85.3442022, 27.7396694)
(85.2796981, 27.7262538)
(85.3142551, 27.7423404)
(85.3936021, 27.6724716)
(85.3037079, 27.7027859)
(85.4216507, 27.7064689)
(85.2612444, 27.6909203)
(85.2858961, 27.6934816)
(85.3320347, 27.6827066)
(85.3987407, 27.7162068)
(85.374093, 27.7022427)
(85.3174721, 27.6784187)
(85.3340273, 27.7442201)
(85.3223169, 27.6794603)
(85.3186453, 27.6843201)
(85.3560679, 27.7218154)
(85.3666475, 27.6738358)
(85.430314, 27.6686048)
(85.2814009, 27.7273675)
(85.3310597, 27.6814003)
(85.2824913, 27.7175464)
(85.333851, 27.641797)
(85.3935641, 27.6811742)
(85.3794083, 27.6647627)
(85.3476476, 27.6665953)
(85.2967384, 27.7223326)
(85.4616058, 27.7276997)
(85.3102276, 27.7388425)
(85.3235567, 27.6800143)
(85.3662791, 27.7285307)
(85.2726544, 27.721466)
(85.294799, 27.7025514)
(85.2833345, 27.6867784)
(85.2944423, 27.6969313)
(85.3342318, 27.7415243)
(85.4189738, 27.6449471)
(85.2964941, 27.6902093)
(85.3180937, 27.659475)
(85.2751457, 27.6974039)
(85.3852571, 27.709451)
(85.4027553, 27.698914)
(85.2649678, 27.6833505)
(85.287612, 27.6676772)
(85.3530288, 27.6699291)
(85.3249602, 27.7032366)
(85.4247504, 27.735235)
(85.3566896, 27.700941)
(85.3125453, 27.7324469)
(85.2905343, 27.7079214)
(85.3405508, 27.6945593)
(85.276417, 27.6399854)
(85.3934245, 27.7376401)
(85.3199259, 27.7281223)
(85.3073611, 27.639503)
(85.2796855, 27.6768454)
(85.3656261, 27.6804571)
(85.3403912, 27.6795235)
(85.2788065, 27.6735501)
(85.3661161, 27.7048138)
(85.3829556, 27.7155464)
(85.2789332, 27.6586078)
(85.4314924, 27.6701549)
(85.2876993, 27.6934163)
(85.3069628, 27.6741172)
(85.2786247, 27.6688256)
(85.3284987, 27.6694294)
(85.2859975, 27.6692928)
(85.3251065, 27.7255073)
(85.289901, 27.6920699)
(85.2934286, 27.6938798)
(85.28173, 27.6933519)
(85.3271143, 27.6607815)
(85.3315859, 27.687032)
(85.3577425, 27.729212)
(85.3540799, 27.7079821)
(85.3362592, 27.6828609)
(85.4098426, 27.665657)
(85.3907135, 27.7402874)
(85.4193821, 27.6481874)
(85.3233768, 27.6408937)
(85.3084365, 27.7556875)
(85.2835668, 27.7198782)
(85.3527872, 27.7400809)
(85.3159175, 27.6917212)
(85.3375327, 27.7335174)
(85.3601178, 27.7356813)
(85.3689172, 27.6944)
(85.3483987, 27.6882329)
(85.3433895, 27.6812605)
(85.3517901, 27.7005656)
(85.3282814, 27.7017096)
(85.3594935, 27.7422094)
(85.337738, 27.6646141)
(85.3084371, 27.7179742)
(85.2855524, 27.7380085)
(85.3175548, 27.6990818)
(85.3238313, 27.6428939)
(85.4072879, 27.7525999)
(85.3197033, 27.6904355)
(85.3029845, 27.7007232)
(85.3063736, 27.7616236)
(85.3161191, 27.6768562)
(85.4097744, 27.7467893)
(85.3138158, 27.6728496)
(85.3379751, 27.7551695)
(85.2961746, 27.7063113)
(85.4337894, 27.6760674)
(85.3151464, 27.7265341)
(85.3447044, 27.6633266)
(85.32898, 27.6676938)
(85.3342611, 27.6871447)
(85.2718541, 27.6847678)
(85.3286197, 27.7355355)
(85.2695994, 27.6963664)
(85.4745809, 27.7264911)
(85.386119, 27.733194)
(85.348777, 27.6751607)
(85.4503064, 27.7359439)
(85.3314627, 27.7287816)
(85.4432115, 27.6680005)
(85.3154877, 27.6619875)
(85.3445892, 27.7351871)
(85.2879193, 27.6698249)
(85.2827884, 27.7612705)
(85.3308422, 27.7156725)
(85.3072666, 27.7352744)
(85.3971842, 27.7406434)
(85.2767382, 27.7023487)
(85.2798133, 27.7224439)
(85.4313961, 27.6711357)
(85.4071051, 27.7271107)
(85.3244858, 27.7512327)
(85.386314, 27.74094)
(85.34493, 27.7611498)
(85.3398545, 27.7279644)
(85.2961012, 27.6578001)
(85.2793586, 27.7217227)
(85.4029177, 27.7085856)
(85.3237401, 27.7006562)
(85.3440692, 27.7362323)
(85.2844304, 27.7389117)
(85.3300008, 27.6695426)
(85.2753336, 27.7153615)
(85.4576878, 27.6822751)
(85.4729599, 27.7165788)
(85.2896532, 27.712979)
(85.2899873, 27.7128599)
(85.3569344, 27.6710483)
(85.4078343, 27.6668828)
(85.3084168, 27.6621745)
(85.2816076, 27.7268617)
(85.2945344, 27.7513322)
(85.2856869, 27.7393415)
(85.3916955, 27.6915134)
(85.394642, 27.7067751)
(85.3029291, 27.7578113)
(85.3122155, 27.7085264)
(85.3809984, 27.7311541)
(85.3724417, 27.6785368)
(85.347062, 27.7005223)
(85.3165584, 27.666069)
(85.4239845, 27.7115237)
(85.3371666, 27.6672854)
(85.3490279, 27.689313)
(85.3302035, 27.7089793)
(85.3640411, 27.6791636)
(85.3439817, 27.6807521)
(85.47348, 27.7474044)
(85.3939785, 27.7626077)
(85.3761668, 27.682892)
(85.3540948, 27.69899)
(85.2860659, 27.6692773)
(85.3439042, 27.7239863)
(85.3648652, 27.6889172)
(85.2810818, 27.6930059)
(85.2767889, 27.6928889)
(85.3288405, 27.7082229)
(85.397646, 27.6884943)
(85.3434301, 27.7429434)
(85.4456813, 27.7291571)
(85.3486212, 27.688686)
(85.3099994, 27.7562273)
(85.2777307, 27.6779669)
(85.3598854, 27.7159216)
(85.2891996, 27.6429933)
(85.347674, 27.7362631)
(85.3321254, 27.6998894)
(85.2972528, 27.6788498)
(85.3744319, 27.7277615)
(85.4141753, 27.7139109)
(85.3049199, 27.6901243)
(85.3357539, 27.7458444)
(85.2724274, 27.6820882)
(85.3518597, 27.6992323)
(85.411527, 27.6678584)
(85.2839543, 27.6681957)
(85.3366443, 27.6763292)
(85.3047231, 27.7023652)
(85.3214764, 27.7568635)
(85.4010872, 27.7497016)
(85.4139982, 27.7329184)
(85.3315646, 27.7458329)
(85.4563698, 27.7257047)
(85.2826059, 27.7291907)
(85.4053425, 27.6736865)
(85.3956828, 27.6805846)
(85.2890048, 27.7387247)
(85.3679988, 27.7178871)
(85.4365407, 27.6777359)
(85.3091213, 27.7351893)
(85.3184974, 27.6599137)
(85.3231192, 27.6746558)
(85.3167462, 27.6930653)
(85.3458891, 27.7217983)
(85.3442039, 27.7253442)
(85.3964118, 27.718224)
(85.3161086, 27.6690475)
(85.3068292, 27.6716792)
(85.3170375, 27.7111931)
(85.456469, 27.6672907)
(85.3692563, 27.665559)
(85.3988281, 27.7370459)
(85.426962, 27.7294927)
(85.3313198, 27.6618796)
(85.2979745, 27.6617935)
(85.3358628, 27.7166899)
(85.4293759, 27.6705679)
(85.4620822, 27.6454464)
(85.3486645, 27.7248671)
(85.3019978, 27.7575062)
(85.3147831, 27.7299323)
(85.356875, 27.6714196)
(85.3384804, 27.7383866)
(85.3633291, 27.734572)
(85.3057269, 27.7199958)
(85.2970198, 27.7164346)
(85.3936555, 27.6950941)
(85.3743955, 27.7093829)
(85.279782, 27.7155418)
(85.2954054, 27.7178012)
(85.34541, 27.7224351)
(85.4399996, 27.6684822)
(85.4086593, 27.749537)
(85.2646137, 27.7115189)
(85.3021558, 27.7009113)
(85.4132999, 27.6620137)
(85.3971503, 27.6757398)
(85.3935545, 27.693491)
(85.3155973, 27.6809671)
(85.2626025, 27.7198456)
(85.3122502, 27.6503732)
(85.3806735, 27.7279927)
(85.3179681, 27.6494966)
(85.304598, 27.7271532)
(85.430352, 27.6718827)
(85.3164265, 27.6507747)
(85.3513792, 27.6930535)
(85.3762042, 27.6549416)
(85.4414487, 27.6709347)
(85.4264833, 27.7312511)
(85.28303, 27.7270863)
(85.4281509, 27.7477102)
(85.2756482, 27.6795806)
(85.3490947, 27.6658316)
(85.4244585, 27.7159693)
(85.4387346, 27.6734498)
(85.3690113, 27.7358938)
(85.3535202, 27.7292296)
(85.3039795, 27.7335015)
(85.3407393, 27.7493697)
(85.2917965, 27.6974962)
(85.3641589, 27.7019861)
(85.3276597, 27.7486594)
(85.4331801, 27.6642509)
(85.3093603, 27.7049971)
(85.3163884, 27.7357359)
(85.3559612, 27.765574)
(85.3414978, 27.6835284)
(85.3781823, 27.7483316)
(85.3226172, 27.7185145)
(85.3121815, 27.712638)
(85.3385253, 27.692767)
(85.3003541, 27.683559)
(85.4332213, 27.6990805)
(85.2736391, 27.727889)
(85.2618523, 27.6938346)
(85.3861618, 27.7293714)
(85.3681102, 27.7428179)
(85.2923299, 27.6651351)
(85.3244474, 27.7241223)
(85.4711074, 27.680153)
(85.3351788, 27.7345185)
(85.3632787, 27.6567369)
(85.2647898, 27.6890131)
(85.3528202, 27.675353)
(85.4075675, 27.733255)
(85.3466829, 27.6719828)
(85.3197688, 27.6987845)
(85.3477182, 27.6658713)
(85.3749505, 27.6663795)
(85.4000107, 27.6890629)
(85.2783916, 27.6768042)
(85.3402347, 27.7262523)
(85.3442185, 27.6779802)
(85.2896618, 27.7280022)
(85.3319956, 27.6451536)
(85.2780097, 27.6614696)
(85.2680006, 27.7101352)
(85.334506, 27.7248833)
(85.2819805, 27.7285117)
(85.3483252, 27.6984912)
(85.263507, 27.7058036)
(85.2841737, 27.6851247)
(85.3384826, 27.6549903)
(85.302882, 27.6869892)
(85.3565045, 27.6728319)
(85.3572757, 27.671169)
(85.3591407, 27.7370455)
(85.318948, 27.6754943)
(85.3112987, 27.6924672)
(85.3602797, 27.6723576)
(85.3519106, 27.7698215)
(85.3397872, 27.7129292)
(85.3945584, 27.7624238)
(85.3368508, 27.7533526)
(85.3882737, 27.6769263)
(85.4442922, 27.74288)
(85.3430871, 27.7693441)
(85.2634157, 27.6856515)
(85.3314221, 27.7312728)
(85.299533, 27.6922602)
(85.3033573, 27.7149964)
(85.3037295, 27.6458286)
(85.3379557, 27.664806)
(85.3287498, 27.6426813)
(85.4272562, 27.6662573)
(85.2699789, 27.6877077)
(85.3400469, 27.7275486)
(85.2880014, 27.6995043)
(85.3403369, 27.6377279)
(85.281867, 27.7538757)
(85.3968453, 27.6962119)
(85.3423848, 27.7166128)
(85.3363429, 27.752983)
(85.3515033, 27.6373829)
(85.3632591, 27.7571532)
(85.4144277, 27.6810346)
(85.3586532, 27.7354953)
(85.3934682, 27.7081702)
(85.2934785, 27.7228105)
(85.2696429, 27.6888796)
(85.3051273, 27.7588996)
(85.3075341, 27.6433916)
(85.3922384, 27.6937032)
(85.3238117, 27.7201228)
(85.2631861, 27.719823)
(85.3320347, 27.6827066)
(85.273345, 27.6786983)
(85.3339349, 27.6954502)
(85.3717323, 27.7211633)
(85.4773734, 27.6644136)
(85.2714607, 27.7132552)
(85.3602111, 27.766355)
(85.3492648, 27.7053264)
(85.4202022, 27.6448003)
(85.3091652, 27.7189974)
(85.2906406, 27.7019144)
(85.3183938, 27.6589803)
(85.3049395, 27.7325662)
(85.4118338, 27.7052261)
(85.3304383, 27.6572025)
(85.3858481, 27.7414164)
(85.386602, 27.7428571)
(85.3281566, 27.6380009)
(85.4074912, 27.7548784)
(85.3391634, 27.6597459)
(85.4206026, 27.7028284)
(85.3692541, 27.6495251)
(85.2838219, 27.734454)
(85.349074, 27.6961909)
(85.360025, 27.7193709)
(85.3322851, 27.6784877)
(85.3330188, 27.7453353)
(85.3280586, 27.7469393)
(85.3247654, 27.6751239)
(85.3378228, 27.6603021)
(85.4695568, 27.7184174)
(85.3272378, 27.7226678)
(85.3575709, 27.7483925)
(85.3350632, 27.7265615)
(85.3067477, 27.6492708)
(85.3268884, 27.7207755)
(85.4380082, 27.6762439)
(85.2879703, 27.7132304)
(85.4027393, 27.7219979)
(85.3558676, 27.7246012)
(85.3897607, 27.6906037)
(85.3345604, 27.6459387)
(85.2879758, 27.7112529)
(85.3379391, 27.756532)
(85.3105064, 27.7453722)
(85.3030957, 27.7027183)
(85.3613749, 27.7334268)
(85.3163181, 27.7177779)
(85.3755888, 27.6546555)
(85.3176455, 27.7297758)
(85.3491164, 27.6861776)
(85.3293253, 27.7073959)
(85.3901442, 27.6852558)
(85.2720273, 27.7060447)
(85.3133252, 27.7440306)
(85.324242, 27.6934183)
(85.3600272, 27.6662969)
(85.3027439, 27.7018913)
(85.3291935, 27.6924298)
(85.4276125, 27.6703167)
(85.3464028, 27.6850489)
(85.2656078, 27.7104891)
(85.3599791, 27.7319439)
(85.3208682, 27.7496409)
(85.3700636, 27.7470082)
(85.4322676, 27.6708633)
(85.3175085, 27.641213)
(85.3399072, 27.718512)
(85.3737489, 27.702892)
(85.3039023, 27.7320448)
(85.2714492, 27.7139394)
(85.3688506, 27.6543637)
(85.3229547, 27.7385376)
(85.3267814, 27.6801439)
(85.3721772, 27.69858)
(85.3647169, 27.6730236)
(85.4433722, 27.6734328)
(85.2966531, 27.6872835)
(85.387619, 27.7045181)
(85.3746583, 27.70205)
(85.4395455, 27.7341827)
(85.4246224, 27.7099268)
(85.3382184, 27.6646281)
(85.3315125, 27.7558321)
(85.3390823, 27.640767)
(85.4325582, 27.6908446)
(85.3729302, 27.6740401)
(85.3470906, 27.6657611)
(85.4511061, 27.7389435)
(85.3487208, 27.6988136)
(85.3698949, 27.7264783)
(85.349784, 27.6598493)
(85.3423506, 27.6848957)
(85.3396275, 27.7374169)
(85.3560983, 27.725228)
(85.3540654, 27.7170939)
(85.3090083, 27.6610176)
(85.473275, 27.676159)
(85.4418757, 27.6725684)
(85.2963511, 27.6580078)
(85.3225506, 27.7056321)
(85.3489298, 27.7505309)
(85.3716403, 27.6916602)
(85.2829513, 27.7110234)
(85.3869343, 27.6700156)
(85.3014194, 27.6662541)
(85.4105399, 27.6799779)
(85.4376272, 27.6698421)
(85.3537193, 27.7131869)
(85.3626946, 27.7219792)
(85.3438888, 27.6984965)
(85.3334926, 27.6804652)
(85.3639713, 27.7248622)
(85.4046228, 27.7053189)
(85.3325151, 27.7035762)
(85.3082805, 27.6935886)
(85.2664422, 27.7250423)
(85.2928037, 27.72844)
(85.3505874, 27.6565546)
(85.3009038, 27.6570961)
(85.2664205, 27.7048547)
(85.3745017, 27.7005139)
(85.3298549, 27.6886444)
(85.3281018, 27.7514538)
(85.3237857, 27.702856)
(85.3224966, 27.6727661)
(85.3223867, 27.748082)
(85.3222553, 27.7481413)
(85.338451, 27.7374431)
(85.3557839, 27.6420293)
(85.3869467, 27.7198428)
(85.326568, 27.6623806)
(85.2909606, 27.7556786)
(85.2622904, 27.6860909)
(85.3614378, 27.721511)
(85.2963774, 27.7087354)
(85.3571841, 27.7209505)
(85.3031861, 27.7094113)
(85.2816105, 27.6798739)
(85.3587534, 27.7155514)
(85.3129454, 27.7289248)
(85.3394556, 27.7513163)
(85.3222553, 27.7481413)
(85.3999647, 27.6774657)
(85.4632328, 27.7312997)
(85.3543565, 27.6715784)
(85.3655905, 27.6942133)
(85.2860907, 27.725679)
(85.3983195, 27.6930429)
(85.3747573, 27.7682823)
(85.2731368, 27.6815679)
(85.3058512, 27.6816552)
(85.3244051, 27.7367528)
(85.3134152, 27.6993622)
(85.307694, 27.677692)
(85.3069759, 27.7495906)
(85.28369, 27.7160156)
(85.3082775, 27.7258921)
(85.2967766, 27.6813184)
(85.4477626, 27.6759802)
(85.2831382, 27.7529653)
(85.3511675, 27.7255883)
(85.4381373, 27.6619903)
(85.3601317, 27.6786392)
(85.3438541, 27.7308255)
(85.3906613, 27.6552806)
(85.4246224, 27.7099268)
(85.2957801, 27.711976)
(85.3001187, 27.6965108)
(85.3719335, 27.7223938)
(85.2783956, 27.6762964)
(85.3534754, 27.7358395)
(85.391591, 27.6649716)
(85.33128, 27.6599969)
(85.2771173, 27.668675)
(85.3527593, 27.6764643)
(85.3988485, 27.7142714)
(85.407927, 27.6690069)
(85.274633, 27.7010616)
(85.3318338, 27.6392745)
(85.3593702, 27.7352194)
(85.3613501, 27.7641776)
(85.3471438, 27.7142267)
(85.2667998, 27.6937337)
(85.3345236, 27.6951614)
(85.3639835, 27.7436303)
(85.2788001, 27.7120052)
(85.370291, 27.6704583)
(85.3046681, 27.706903)
(85.282107, 27.7015502)
(85.3212329, 27.6754742)
(85.3300405, 27.6826229)
(85.3398292, 27.6630488)
(85.3850553, 27.6669767)
(85.4252223, 27.6726288)
(85.4485944, 27.6385165)
(85.3458062, 27.7414903)
(85.2902208, 27.6997003)
(85.3018567, 27.7191096)
(85.3380073, 27.7242129)
(85.3852579, 27.7225547)
(85.3257462, 27.6748958)
(85.3262883, 27.748717)
(85.3793344, 27.7294195)
(85.3908757, 27.6763397)
(85.431355, 27.6795815)
(85.2993675, 27.69808)
(85.4139, 27.6709181)
(85.3005597, 27.7681852)
(85.3016227, 27.65641)
(85.3632074, 27.6666903)
(85.4213357, 27.6594033)
(85.2751098, 27.6777652)
(85.3281016, 27.6928583)
(85.2997227, 27.6559386)
(85.3237531, 27.7190097)
(85.3830295, 27.7351773)
(85.4375482, 27.7497425)
(85.3090597, 27.7628448)
(85.2726944, 27.6770955)
(85.3454174, 27.6699892)
(85.3352537, 27.6721074)
(85.3882102, 27.732004)
(85.3191594, 27.693843)
(85.3572832, 27.6469608)
(85.3127386, 27.694102)
(85.4651649, 27.6640924)
(85.3537104, 27.671304)
(85.2799925, 27.7223886)
(85.3694999, 27.7148605)
(85.304216, 27.7022087)
(85.3591565, 27.7389061)
(85.2979398, 27.6886387)
(85.3031208, 27.7525773)
(85.3229547, 27.7385376)
(85.2839949, 27.7012806)
(85.3202879, 27.6947337)
(85.2903783, 27.7337389)
(85.4486577, 27.7046978)
(85.3431353, 27.7398573)
(85.3270595, 27.7296512)
(85.3663591, 27.7067418)
(85.3107011, 27.7280357)
(85.2676487, 27.7031764)
(85.320258, 27.7358987)
(85.3087808, 27.7444149)
(85.3516199, 27.7658342)
(85.4223516, 27.6704271)
(85.4340241, 27.6724628)
(85.3216381, 27.7120576)
(85.3179287, 27.7296361)
(85.302757, 27.6683736)
(85.4000107, 27.6890629)
(85.3163749, 27.667565)
(85.3475234, 27.6660076)
(85.3496771, 27.7604423)
(85.3343487, 27.6678613)
(85.3695378, 27.7402475)
(85.2976037, 27.6526301)
(85.3596576, 27.6667509)
(85.4420269, 27.6644398)
(85.3980213, 27.6922904)
(85.3114582, 27.6681598)
(85.4597883, 27.7478948)
(85.294532, 27.6552686)
(85.3349267, 27.6406175)
(85.356875, 27.6714196)
(85.2815615, 27.6853152)
(85.3821677, 27.7275606)
(85.3131498, 27.6477112)
(85.3026811, 27.6969038)
(85.2918783, 27.7300335)
(85.3034722, 27.7686738)
(85.3490773, 27.74474)
(85.3797777, 27.7229925)
(85.3306805, 27.7258454)
(85.3921942, 27.6740668)
(85.4542318, 27.65734)
(85.4691381, 27.7275783)
(85.3209137, 27.6785565)
(85.3038119, 27.6485685)
(85.3362637, 27.6843949)
(85.3735429, 27.7160492)
(85.3458494, 27.7628422)
(85.3337484, 27.6807948)
(85.4153342, 27.6932437)
(85.3284408, 27.7182962)
(85.284097, 27.6830672)
(85.2948871, 27.7123702)
(85.3989363, 27.6730423)
(85.4274248, 27.6747908)
(85.3698341, 27.6672417)
(85.306348, 27.7183833)
(85.4568252, 27.6685194)
(85.3011405, 27.7087978)
(85.3067035, 27.668167)
(85.3427601, 27.6602708)
(85.3186409, 27.6632525)
(85.2691397, 27.6954788)
(85.3414161, 27.691627)
(85.3533164, 27.6803865)
(85.2960491, 27.7279972)
(85.3638559, 27.6757025)
(85.2950367, 27.7286623)
(85.41717, 27.7095086)
(85.347803, 27.6564109)
(85.4360231, 27.7009935)
(85.3467169, 27.6830854)
(85.3181794, 27.7641304)
(85.3135237, 27.6997184)
(85.2775966, 27.7244925)
(85.3932596, 27.692871)
(85.3461501, 27.6678431)
(85.2926112, 27.7391926)
(85.3332884, 27.7532703)
(85.3508016, 27.6715232)
(85.3694738, 27.6489986)
(85.3212337, 27.7219207)
(85.3899689, 27.7613312)
(85.3465729, 27.7477676)
(85.3370696, 27.7118751)
(85.4242462, 27.6622854)
(85.2838773, 27.7158755)
(85.3589643, 27.6556734)
(85.3773196, 27.6857827)
(85.4282265, 27.6698732)
(85.3378853, 27.6737033)
(85.338696, 27.7363855)
(85.268216, 27.6890791)
(85.3215996, 27.750996)
(85.2773505, 27.6454098)
(85.3458266, 27.6743366)
(85.3301759, 27.7193713)
(85.2819917, 27.7363735)
(85.3724719, 27.6783319)
(85.3633952, 27.6929819)
(85.2880209, 27.7571663)
(85.3871035, 27.75841)
(85.3471721, 27.665697)
(85.343995, 27.7350956)
(85.3729323, 27.6821316)
(85.4033349, 27.6562694)
(85.3362527, 27.7439463)
(85.356417, 27.7221283)
(85.3389072, 27.7310001)
(85.3066267, 27.7055193)
(85.3118783, 27.7419445)
(85.3151042, 27.6757747)
(85.3107696, 27.7175789)
(85.3548552, 27.7247988)
(85.4409197, 27.6751391)
(85.4768775, 27.6916377)
(85.439417, 27.6657072)
(85.3063387, 27.6660576)
(85.3394432, 27.7036617)
(85.3025902, 27.7188578)
(85.280326, 27.6912091)
(85.3773434, 27.6766625)
(85.3088785, 27.7185458)
(85.4501505, 27.6712385)
(85.3378228, 27.6603021)
(85.342581, 27.6572358)
(85.274587, 27.6884652)
(85.3340677, 27.7280552)
(85.4751738, 27.6979193)
(85.3333151, 27.7256657)
(85.2994389, 27.6897021)
(85.344888, 27.7117784)
(85.3646902, 27.6602077)
(85.3531501, 27.6679229)
(85.3170976, 27.7273868)
(85.2929891, 27.7296964)
(85.2778587, 27.7078911)
(85.3954609, 27.7080946)
(85.4524376, 27.673403)
(85.3327822, 27.6868175)
(85.3046896, 27.7607932)
(85.3644858, 27.7144513)
(85.3480465, 27.6831629)
(85.3379601, 27.7129655)
(85.3922384, 27.6937032)
(85.4439803, 27.6705476)
(85.3891591, 27.6629097)
(85.3673028, 27.7258383)
(85.319017, 27.6819178)
(85.4386915, 27.6830657)
(85.4517895, 27.7458322)
(85.2830304, 27.7333896)
(85.4331838, 27.6430037)
(85.4062048, 27.7207395)
(85.3472443, 27.7550021)
(85.3703298, 27.646644)
(85.3794083, 27.6647627)
(85.2809583, 27.7090011)
(85.3933978, 27.6810601)
(85.3334418, 27.7540655)
(85.3532396, 27.6956336)
(85.3967107, 27.6893016)
(85.3299876, 27.6705286)
(85.3530742, 27.7175756)
(85.2990717, 27.6615769)
(85.3450155, 27.7350154)
(85.2660969, 27.6997132)
(85.351025, 27.754526)
(85.3070216, 27.7104883)
(85.3630613, 27.6824576)
(85.3228726, 27.6759559)
(85.326977, 27.7444854)
(85.3667186, 27.7000119)
(85.3585464, 27.7228033)
(85.3375069, 27.6929664)
(85.2977585, 27.6572335)
(85.3276038, 27.7513087)
(85.3443061, 27.6494937)
(85.3680299, 27.6476701)
(85.4075365, 27.6593946)
(85.3027386, 27.7433016)
(85.2780146, 27.6566514)
(85.2879703, 27.7132304)
(85.2786247, 27.6688256)
(85.2680315, 27.7083658)
(85.3215949, 27.6803199)
(85.3385632, 27.7249982)
(85.3385479, 27.7126932)
(85.4200909, 27.6866488)
(85.3506941, 27.6591854)
(85.3386285, 27.6794553)
(85.3507916, 27.7016924)
(85.3207473, 27.649598)
(85.3953512, 27.654646)
(85.2755917, 27.6690195)
(85.3871814, 27.7205919)
(85.3792539, 27.6806255)
(85.2783535, 27.6402613)
(85.2692993, 27.6964145)
(85.3264028, 27.7220766)
(85.3224062, 27.7436135)
(85.3057354, 27.6829549)
(85.3438888, 27.6985295)
(85.4325672, 27.7049898)
(85.3053282, 27.7073296)
(85.3060092, 27.7041304)
(85.302714, 27.6565115)
(85.3432851, 27.6937135)
(85.3344364, 27.7128902)
(85.3752301, 27.6919704)
(85.29963, 27.675881)
(85.3205207, 27.7524782)
(85.4486548, 27.6929006)
(85.3626585, 27.6580395)
(85.3604085, 27.7293589)
(85.401773, 27.675901)
(85.4268472, 27.7609435)
(85.2885568, 27.7108779)
(85.287429, 27.7109951)
(85.3592969, 27.7356311)
(85.3014999, 27.7183684)
(85.4431768, 27.6826491)
(85.3092986, 27.6602154)
(85.3352918, 27.725397)
(85.3583001, 27.7649725)
(85.3410442, 27.7282861)
(85.4600712, 27.6613737)
(85.3263661, 27.6914157)
(85.3817204, 27.7126423)
(85.2843678, 27.723919)
(85.3692426, 27.7640954)
(85.3455543, 27.6855787)
(85.3327676, 27.7457541)
(85.299426, 27.6565737)
(85.3702618, 27.6778384)
(85.4027445, 27.6575579)
(85.2940704, 27.736695)
(85.3075256, 27.7456133)
(85.3376327, 27.7218452)
(85.3601916, 27.666193)
(85.2918736, 27.7114642)
(85.2762341, 27.6785354)
(85.3290085, 27.6838308)
(85.2755973, 27.714963)
(85.2953349, 27.7201666)
(85.2617812, 27.6814807)
(85.3860065, 27.7306058)
(85.2896018, 27.7366192)
(85.3857116, 27.6789017)
(85.4370858, 27.6659167)
(85.2996198, 27.7185558)
(85.2755733, 27.6732192)
(85.3508211, 27.7162519)
(85.3159316, 27.6919935)
(85.3374568, 27.708104)
(85.336506, 27.6830089)
(85.4214703, 27.7551154)
(85.2966531, 27.6872835)
(85.3122521, 27.7075079)
(85.3760295, 27.7450068)
(85.3340796, 27.716144)
(85.3662711, 27.7148684)
(85.3604957, 27.7535274)
(85.3166998, 27.6842218)
(85.3371384, 27.721674)
(85.4404061, 27.7049454)
(85.3610955, 27.72981)
(85.3005597, 27.7681852)
(85.3300275, 27.7475999)
(85.3322169, 27.6839249)
(85.2906921, 27.6515035)
(85.3379476, 27.7562111)
(85.3254191, 27.7154256)
(85.4002695, 27.7368005)
(85.3361357, 27.7172697)
(85.3152988, 27.6533294)
(85.3183164, 27.6518626)
(85.4481457, 27.6815968)
(85.3901861, 27.65842)
(85.311392, 27.6927244)
(85.4096857, 27.6743485)
(85.2833845, 27.6485946)
(85.2754263, 27.686617)
(85.4593398, 27.6899803)
(85.317224, 27.681186)
(85.3694961, 27.6495316)
(85.298731, 27.6615066)
(85.2821696, 27.6744477)
(85.2649424, 27.6734824)
(85.4291844, 27.6689923)
(85.3491498, 27.6507828)
(85.3729647, 27.6815747)
(85.38479, 27.6814497)
(85.3851088, 27.7042869)
(85.36223, 27.691258)
(85.3785419, 27.6609613)
(85.3077213, 27.7064935)
(85.2982162, 27.7191664)
(85.330942, 27.7309725)
(85.3257893, 27.7313168)
(85.3601643, 27.7126997)
(85.2799538, 27.6738594)
(85.3715344, 27.7398823)
(85.3165584, 27.666069)
(85.3384771, 27.730602)
(85.4179771, 27.7518771)
(85.2962257, 27.6826019)
(85.3633528, 27.6692309)
(85.3384536, 27.6833453)
(85.342998, 27.6687955)
(85.3719636, 27.6859711)
(85.2868463, 27.734949)
(85.3647066, 27.749545)
(85.3054393, 27.7680018)
(85.3432072, 27.7199524)
(85.3137141, 27.6971726)
(85.342225, 27.6785167)
(85.3196605, 27.6390023)
(85.3058512, 27.6816552)
(85.2945176, 27.7373195)
(85.3748167, 27.6973264)
(85.3442704, 27.6507148)
(85.3853955, 27.6677951)
(85.3289526, 27.6784766)
(85.4386285, 27.6753744)
(85.3571841, 27.7209505)
(85.3671279, 27.7163127)
(85.320856, 27.6590353)
(85.3310518, 27.7626022)
(85.4006721, 27.7387217)
(85.3111622, 27.6683446)
(85.3191912, 27.7559141)
(85.4486548, 27.6929006)
(85.4191665, 27.6514928)
(85.3390219, 27.6972722)
(85.3473384, 27.6699892)
(85.280957, 27.7230436)
(85.3529645, 27.7430189)
(85.3986206, 27.6689071)
(85.3098151, 27.7119831)
(85.4122198, 27.669118)
(85.3019808, 27.6530367)
(85.3347197, 27.7425283)
(85.3075646, 27.744625)
(85.345181, 27.7065173)
(85.3040248, 27.7203768)
(85.2727784, 27.7196577)
(85.3300008, 27.6695426)
(85.275965, 27.6931722)
(85.3154776, 27.6977658)
(85.3227462, 27.6892048)
(85.3986101, 27.7164335)
(85.3001381, 27.7254196)
(85.4055565, 27.7572015)
(85.3312558, 27.653933)
(85.4281509, 27.7477102)
(85.3611238, 27.6645505)
(85.35218, 27.6601933)
(85.3315543, 27.7452271)
(85.4598913, 27.7001927)
(85.3380079, 27.7545707)
(85.3155491, 27.6430266)
(85.3249845, 27.7132913)
(85.2751396, 27.6980353)
(85.3749907, 27.6456248)
(85.2747649, 27.7154328)
(85.3157852, 27.738692)
(85.4012959, 27.7608362)
(85.3415341, 27.6836788)
(85.4628321, 27.6451039)
(85.3207646, 27.6845392)
(85.3269522, 27.6816556)
(85.3843904, 27.7479987)
(85.3335626, 27.6793887)
(85.3024367, 27.6449081)
(85.3600272, 27.6662969)
(85.427999, 27.6438404)
(85.345382, 27.6832221)
(85.2890827, 27.661031)
(85.2905881, 27.6704544)
